3.353977501392364502e-01
4.910196959972381592e-01
1.708802878856658936e-01
8.677389621734619141e-01
1.305029690265655518e-01
5.852543115615844727e-01
5.390801429748535156e-01
1.995997875928878784e-01
4.805667996406555176e-01
7.467416524887084961e-01
8.120656013488769531e-01
1.741293519735336304e-01
7.679901900701224804e-04
3.004994094371795654e-01
5.412536263465881348e-01
2.404754608869552612e-01
2.775258719921112061e-01
5.327963829040527344e-01
6.396932005882263184e-01
1.534159928560256958e-01
1.000000000000000000e+00
2.839805781841278076e-01
2.926067411899566650e-01
2.596831321716308594e-01
3.051572851836681366e-02
2.806171476840972900e-01
1.317950189113616943e-01
2.030606418848037720e-01
3.154736161231994629e-01
4.408164918422698975e-01
9.517428278923034668e-01
9.440400451421737671e-02
1.615568548440933228e-01
3.697201609611511230e-02
2.550196275115013123e-02
3.364748135209083557e-02
2.318152189254760742e-01
4.870660603046417236e-02
6.846997886896133423e-02
3.983646333217620850e-01
1.174354329705238342e-01
2.429308742284774780e-01
2.147375196218490601e-01
7.555555701255798340e-01
5.117703676223754883e-01
4.744237288832664490e-02
1.835859613493084908e-03
4.150679409503936768e-01
6.418871879577636719e-02
2.388123795390129089e-02
4.181070029735565186e-01
1.350460797548294067e-01
3.526969552040100098e-01
1.000000000000000000e+00
3.258208334445953369e-01
3.888971805572509766e-01
8.270317316055297852e-02
3.270361125469207764e-01
4.431933164596557617e-01
1.604397296905517578e-01
1.047306135296821594e-01
1.272742301225662231e-01
1.762197762727737427e-01
3.297713398933410645e-01
1.478943526744842529e-01
2.850323915481567383e-01
3.792077600955963135e-01
3.518224954605102539e-01
3.073170781135559082e-01
6.699266433715820312e-01
6.941492557525634766e-01
6.810654997825622559e-01
2.811126112937927246e-01
1.269321292638778687e-01
1.100213974714279175e-01
1.666467636823654175e-01
1.334864050149917603e-01
9.412754327058792114e-02
8.903947472572326660e-02
1.543683856725692749e-01
1.928163319826126099e-01
3.475408554077148438e-01
3.668496012687683105e-01
1.106832623481750488e-01
2.925901114940643311e-01
1.353398263454437256e-01
3.608190119266510010e-01
2.252519316971302032e-02
2.275532186031341553e-01
4.318907856941223145e-03
3.471828298643231392e-03
4.460860788822174072e-02
1.509214472025632858e-02
2.471331879496574402e-02
1.270801760256290436e-03
3.305929014459252357e-03
3.059188649058341980e-02
3.579640528187155724e-03
2.954581938683986664e-02
9.289348125457763672e-02
1.046006605029106140e-01
2.453078031539916992e-01
1.141691133379936218e-01
1.000000000000000000e+00
4.780289530754089355e-01
0.000000000000000000e+00
6.306271553039550781e-01
1.065711490809917450e-02
5.563440546393394470e-02
2.015602774918079376e-02
5.684294551610946655e-02
4.202449321746826172e-02
5.134085193276405334e-03
2.204229356721043587e-03
2.589427866041660309e-02
1.313922926783561707e-03
5.522183328866958618e-02
6.365805864334106445e-02
7.365364581346511841e-02
7.293392554856836796e-04
1.720382459461688995e-02
6.013639271259307861e-02
1.153945624828338623e-01
1.129737272858619690e-01
7.537709176540374756e-02
1.516650915145874023e-01
9.873238205909729004e-02
1.126727461814880371e-01
4.312827810645103455e-02
6.410082429647445679e-02
1.127847060561180115e-01
5.841992050409317017e-02
5.533825233578681946e-02
1.172388195991516113e-01
1.422149538993835449e-01
3.932577744126319885e-02
1.389844864606857300e-01
1.877306550741195679e-01
1.449424680322408676e-02
1.375471148639917374e-02
1.645632088184356689e-02
5.584103614091873169e-02
5.312763452529907227e-01
4.411622285842895508e-01
3.727220371365547180e-02
4.339515231549739838e-03
6.229800730943679810e-02
5.681183934211730957e-02
4.889519140124320984e-02
4.022667184472084045e-02
2.252528071403503418e-02
4.045385718345642090e-01
1.337897777557373047e-01
3.153295814990997314e-01
2.641252875328063965e-01
4.643505513668060303e-01
4.364596679806709290e-02
1.793791539967060089e-02
1.481670327484607697e-02
4.693524539470672607e-02
2.073501199483871460e-01
2.140092402696609497e-01
3.630849346518516541e-02
8.297789841890335083e-02
5.524703115224838257e-02
2.822954021394252777e-02
1.114204823970794678e-01
8.949962258338928223e-02
4.058626666665077209e-02
6.761223822832107544e-02
2.434749528765678406e-02
1.146336048841476440e-01
3.822939693927764893e-01
4.194631576538085938e-01
1.955181956291198730e-01
4.651945233345031738e-01
1.476867794990539551e-01
6.169824302196502686e-02
3.744801133871078491e-02
2.606309652328491211e-01
6.098417937755584717e-02
4.979049414396286011e-02
9.945891797542572021e-02
9.758775681257247925e-02
1.855526305735111237e-02
7.662267237901687622e-02
5.722134932875633240e-02
1.002179980278015137e-01
4.152546077966690063e-02
2.848941087722778320e-02
3.043895661830902100e-01
3.028715252876281738e-01
2.750830352306365967e-01
1.615654528141021729e-01
2.710272967815399170e-01
4.432633519172668457e-02
3.888794034719467163e-02
4.141821339726448059e-02
7.239024341106414795e-02
1.107229515910148621e-01
7.720779627561569214e-02
6.669187545776367188e-02
1.715587079524993896e-02
3.292652964591979980e-02
8.580443263053894043e-02
3.236882016062736511e-02
3.620889782905578613e-02
7.494529336690902710e-02
6.409055739641189575e-02
1.668154262006282806e-02
1.549132913351058960e-01
4.904116690158843994e-02
1.536013633012771606e-01
1.535891890525817871e-01
3.892461657524108887e-01
4.386617243289947510e-01
6.703109145164489746e-01
5.805638432502746582e-01
4.570057615637779236e-02
9.254612773656845093e-02
1.020398139953613281e-01
4.548023641109466553e-02
2.772503159940242767e-02
2.370090223848819733e-02
5.774614866822957993e-03
5.576685443520545959e-02
4.693545028567314148e-02
2.872411534190177917e-02
4.692607372999191284e-02
4.755438119173049927e-02
1.245818361639976501e-01
4.631641134619712830e-02
4.362033680081367493e-02
3.678302466869354248e-02
2.721189521253108978e-02
4.621374979615211487e-02
5.556422099471092224e-02
5.302480235695838928e-02
7.125665247440338135e-02
9.561990946531295776e-02
1.754062920808792114e-01
5.997281521558761597e-02
2.073629349470138550e-01
1.745770126581192017e-01
3.957938849925994873e-01
7.087735086679458618e-02
2.915770411491394043e-01
8.031642436981201172e-02
5.891054868698120117e-02
1.141702011227607727e-01
6.904879957437515259e-02
1.991136558353900909e-02
3.187612816691398621e-02
7.008392810821533203e-01
5.317042395472526550e-02
3.920247405767440796e-02
8.496884256601333618e-02
2.219096757471561432e-02
1.562604680657386780e-02
3.774354979395866394e-02
2.384534105658531189e-02
3.023049794137477875e-02
5.583665147423744202e-02
9.216891601681709290e-03
1.671270094811916351e-02
2.953189238905906677e-02
2.047111392021179199e-01
1.103249341249465942e-01
2.365844137966632843e-02
2.467498630285263062e-01
5.891695618629455566e-02
1.328179240226745605e-01
1.136861070990562439e-01
4.086003080010414124e-02
7.284013926982879639e-02
9.821658730506896973e-01
2.356068938970565796e-01
1.422681063413619995e-01
1.458059698343276978e-01
3.170445188879966736e-02
5.540559813380241394e-02
8.260543644428253174e-02
6.259414833039045334e-03
2.268844842910766602e-02
3.968649078160524368e-03
2.468683756887912750e-02
4.902658611536026001e-02
6.765281315892934799e-03
1.944854296743869781e-02
1.829849369823932648e-02
1.386745180934667587e-02
1.240355614572763443e-02
1.810399256646633148e-02
3.924443572759628296e-02
3.761814162135124207e-02
3.224265575408935547e-02
1.932583563029766083e-02
5.437857285141944885e-02
9.278289228677749634e-02
5.348492041230201721e-02
3.437895560637116432e-03
1.485209539532661438e-02
1.678965687751770020e-01
7.236842066049575806e-02
6.664965152740478516e-01
3.578996658325195312e-01
1.844541132450103760e-01
1.133113279938697815e-01
1.000000000000000000e+00
1.970009207725524902e-01
6.603910326957702637e-01
2.340467572212219238e-01
1.000000000000000000e+00
3.111774325370788574e-01
5.109222531318664551e-01
2.192107886075973511e-01
5.314600840210914612e-02
7.919108029454946518e-04
5.593974143266677856e-03
1.095078513026237488e-02
4.998916685581207275e-01
8.725099563598632812e-01
1.279932260513305664e-01
3.245192766189575195e-02
3.395771980285644531e-02
1.228447537869215012e-02
2.302370034158229828e-03
3.430542349815368652e-02
8.141387253999710083e-03
3.022177889943122864e-02
3.105035237967967987e-02
9.730955585837364197e-03
2.661556378006935120e-02
1.497637778520584106e-01
9.377853572368621826e-02
4.290276765823364258e-02
1.658115908503532410e-02
1.246086731553077698e-01
7.532311975955963135e-02
1.769982725381851196e-01
7.592552155256271362e-02
2.021671235561370850e-01
3.058568239212036133e-01
3.264496475458145142e-02
2.310569137334823608e-01
1.551910638809204102e-01
4.204945862293243408e-01
3.353662490844726562e-01
2.885154783725738525e-01
1.318875253200531006e-01
1.000000000000000000e+00
9.036992490291595459e-02
3.345237299799919128e-02
6.001821905374526978e-02
1.172043010592460632e-01
3.502037003636360168e-02
8.801584690809249878e-02
5.438564717769622803e-02
4.483393207192420959e-02
9.412265568971633911e-02
4.063837975263595581e-02
3.177753090858459473e-02
1.760917454957962036e-01
3.204377368092536926e-02
1.493020504713058472e-01
1.387188676744699478e-02
1.227338835597038269e-01
2.434663027524948120e-01
3.691126778721809387e-02
2.041609734296798706e-01
1.353286206722259521e-01
1.226002424955368042e-01
9.975817799568176270e-02
1.573758013546466827e-02
2.220839858055114746e-01
4.287826269865036011e-02
1.636956632137298584e-01
3.616562485694885254e-01
2.035395354032516479e-01
4.438658431172370911e-02
1.378723382949829102e-01
2.239299565553665161e-01
1.331208050251007080e-01
3.990571796894073486e-01
4.839773774147033691e-01
8.602700382471084595e-02
1.485093683004379272e-01
1.416503787040710449e-01
7.378865033388137817e-02
4.775669425725936890e-02
2.412627786397933960e-01
7.088150084018707275e-02
7.189804315567016602e-02
1.381619423627853394e-01
6.095077842473983765e-02
3.635080764070153236e-03
1.078650206327438354e-01
7.122592069208621979e-03
9.312718361616134644e-02
1.139709800481796265e-01
5.263746157288551331e-02
5.180125683546066284e-02
2.288929745554924011e-02
6.929417699575424194e-02
1.083130985498428345e-01
1.337367296218872070e-01
1.453928351402282715e-01
1.364709287881851196e-01
4.968865588307380676e-02
2.235388904809951782e-01
3.229634091258049011e-02
7.125430554151535034e-02
1.328419428318738937e-02
1.220078207552433014e-02
6.660891324281692505e-02
6.446560472249984741e-02
4.840274155139923096e-02
9.944336861371994019e-02
1.870946288108825684e-01
3.530001938343048096e-01
7.765700221061706543e-01
1.576894521713256836e-01
1.195477098226547241e-01
2.092512138187885284e-02
6.508418917655944824e-02
6.045733764767646790e-02
1.180554553866386414e-01
6.942388415336608887e-02
2.556385695934295654e-01
6.247539073228836060e-02
3.972004726529121399e-02
5.249280366115272045e-05
4.227954521775245667e-02
2.413687855005264282e-02
5.473893880844116211e-02
1.858550608158111572e-01
5.014924705028533936e-02
1.427737921476364136e-01
9.454002976417541504e-02
9.213891625404357910e-02
1.138425171375274658e-01
7.354386895895004272e-02
1.099843978881835938e-01
3.852876722812652588e-01
9.278934448957443237e-02
1.751696318387985229e-01
3.852218389511108398e-02
4.403884708881378174e-01
1.881673485040664673e-01
3.716552257537841797e-02
2.907575108110904694e-02
8.400376141071319580e-02
4.865615069866180420e-02
6.285491585731506348e-02
2.536324560642242432e-01
1.460962295532226562e-01
5.537938326597213745e-02
1.248284727334976196e-01
1.546828150749206543e-01
2.279042266309261322e-02
2.183785438537597656e-01
1.367877423763275146e-01
2.983939647674560547e-02
1.823673248291015625e-01
9.451681375503540039e-02
2.835943922400474548e-02
1.052336618304252625e-01
7.550534605979919434e-02
1.238891296088695526e-02
2.818956226110458374e-02
3.776600584387779236e-02
4.351133108139038086e-02
2.620888128876686096e-02
8.211560547351837158e-02
9.364087134599685669e-02
8.579754829406738281e-02
5.456062406301498413e-02
6.273131072521209717e-02
8.588552474975585938e-02
1.950243711471557617e-01
0.000000000000000000e+00
1.006384268403053284e-01
4.953608661890029907e-02
1.628679782152175903e-01
6.516525149345397949e-01
1.063843518495559692e-01
3.312779664993286133e-01
1.145442649722099304e-01
2.463681101799011230e-01
3.295714259147644043e-01
1.624587178230285645e-01
2.332719713449478149e-01
4.342090487480163574e-01
1.292123198509216309e-01
1.551374346017837524e-01
9.291457384824752808e-02
8.520900458097457886e-02
3.503187373280525208e-02
4.886165261268615723e-02
8.240210264921188354e-02
1.139187291264533997e-01
4.073596745729446411e-02
6.422193348407745361e-02
3.067569062113761902e-02
8.867068588733673096e-02
1.158765032887458801e-01
4.512883350253105164e-02
9.578708559274673462e-02
4.672550037503242493e-02
6.213160604238510132e-02
8.377626538276672363e-02
1.197462826967239380e-01
2.651191316545009613e-02
6.784246303141117096e-03
1.740698819048702717e-03
7.819364778697490692e-03
1.280094590038061142e-02
6.190890446305274963e-02
3.090338967740535736e-02
1.695251613855361938e-01
1.539015918970108032e-01
8.270587772130966187e-02
1.596149057149887085e-01
1.449685990810394287e-01
2.441284954547882080e-01
5.629348754882812500e-01
4.673403203487396240e-01
8.237794041633605957e-01
7.578430175781250000e-01
3.484359979629516602e-01
1.838339716196060181e-01
3.773803114891052246e-01
2.139989286661148071e-01
2.271460741758346558e-02
7.187205553054809570e-02
2.461055368185043335e-01
2.590893954038619995e-02
1.391097903251647949e-01
1.821715533733367920e-01
4.326807260513305664e-01
9.971102327108383179e-02
1.771542131900787354e-01
5.572541430592536926e-02
9.128498286008834839e-02
7.895703613758087158e-02
7.063636183738708496e-02
2.161880433559417725e-01
1.610012650489807129e-01
1.423581987619400024e-01
1.351622790098190308e-01
2.007425762712955475e-02
5.550607293844223022e-02
6.519591808319091797e-02
3.791040927171707153e-02
1.512277871370315552e-01
2.932828962802886963e-01
3.806934505701065063e-02
1.099693551659584045e-01
7.146018091589212418e-03
6.593348458409309387e-03
1.296668797731399536e-01
3.118488378822803497e-02
1.466281861066818237e-01
2.460864484310150146e-01
4.159979522228240967e-02
1.009756401181221008e-01
5.252962708473205566e-01
3.986820280551910400e-01
7.526228427886962891e-01
1.737255901098251343e-01
1.000000000000000000e+00
1.392039507627487183e-01
1.285523027181625366e-01
1.217033714056015015e-01
4.293551743030548096e-01
2.948419451713562012e-01
1.294713765382766724e-01
1.621058583259582520e-01
8.879410475492477417e-02
3.679096102714538574e-01
1.015906333923339844e-01
5.127295255661010742e-01
9.104632586240768433e-02
1.563807129859924316e-01
1.160515174269676208e-01
1.949485838413238525e-01
1.410668939352035522e-01
7.184218615293502808e-02
4.768720269203186035e-02
1.255908906459808350e-01
3.310962021350860596e-01
2.926138937473297119e-01
1.338284909725189209e-01
3.174626454710960388e-02
6.088136881589889526e-02
1.047273203730583191e-01
1.283773407340049744e-02
1.959801279008388519e-02
5.655228346586227417e-02
1.045535579323768616e-01
2.148570865392684937e-01
1.149169579148292542e-01
2.358490601181983948e-02
7.190386205911636353e-02
3.215335682034492493e-02
2.267063036561012268e-02
2.625866532325744629e-01
2.559101283550262451e-01
6.622482836246490479e-02
8.541055768728256226e-02
3.470681309700012207e-01
2.259094715118408203e-01
1.971372961997985840e-01
3.547070324420928955e-01
3.438192978501319885e-02
4.592391252517700195e-01
6.014057397842407227e-01
4.025242924690246582e-01
3.747096657752990723e-02
1.274486780166625977e-01
6.366841495037078857e-02
1.475826948881149292e-01
1.804783344268798828e-01
1.000565364956855774e-01
9.532121568918228149e-02
1.060537248849868774e-01
2.461867779493331909e-01
9.473553299903869629e-02
9.780151396989822388e-02
4.123410880565643311e-01
1.444827020168304443e-01
3.041466176509857178e-01
6.583978235721588135e-02
3.722258284687995911e-02
2.418761700391769409e-01
9.711301922798156738e-01
1.688583791255950928e-01
2.483660168945789337e-02
7.789595425128936768e-02
1.492128614336252213e-02
1.199427898973226547e-02
6.539203971624374390e-02
3.008652292191982269e-02
6.603280454874038696e-02
1.686097830533981323e-01
9.168066084384918213e-02
1.228072345256805420e-01
1.063971500843763351e-02
4.324779286980628967e-02
2.833190560340881348e-01
1.156881526112556458e-01
9.786594659090042114e-02
2.999636530876159668e-01
8.891269564628601074e-01
4.363379180431365967e-01
7.961453199386596680e-01
5.190261825919151306e-02
6.274985074996948242e-01
5.651041865348815918e-01
1.043180078268051147e-01
2.017645090818405151e-01
1.633142679929733276e-01
1.537015140056610107e-01
3.126472234725952148e-02
1.576831340789794922e-01
6.467435359954833984e-01
1.970699131488800049e-01
1.129020228981971741e-01
1.635777056217193604e-01
2.097704559564590454e-01
3.054753243923187256e-01
2.207118719816207886e-01
2.173401415348052979e-01
4.569067358970642090e-01
5.058031529188156128e-02
8.254427462816238403e-02
3.452401980757713318e-02
9.598217904567718506e-02
2.229522168636322021e-01
2.576754093170166016e-01
1.698109507560729980e-01
1.120568737387657166e-01
3.793223947286605835e-02
6.485269963741302490e-02
4.050753545016050339e-03
4.287998750805854797e-02
3.395999968051910400e-02
7.810743059962987900e-03
3.092670440673828125e-02
3.468192741274833679e-02
1.205280236899852753e-02
8.137007802724838257e-02
3.841543570160865784e-02
2.744081802666187286e-02
2.031872570514678955e-01
3.273096978664398193e-01
9.653727710247039795e-02
4.628013670444488525e-01
6.604907512664794922e-01
1.570267826318740845e-01
9.891160130500793457e-01
9.905596971511840820e-01
1.154068112373352051e-02
8.463497161865234375e-01
1.719712913036346436e-01
6.651162505149841309e-01
2.189793735742568970e-01
5.061442777514457703e-02
1.293583214282989502e-01
2.950552105903625488e-02
2.431505769491195679e-01
8.950363099575042725e-02
5.368727073073387146e-02
1.009432747960090637e-01
8.957821875810623169e-02
7.511832565069198608e-02
7.134378701448440552e-02
9.974080324172973633e-02
7.471800595521926880e-02
1.045690104365348816e-01
1.174854338169097900e-01
1.677371114492416382e-01
1.518898457288742065e-01
3.003038763999938965e-01
5.468139797449111938e-02
1.333644539117813110e-01
4.623344540596008301e-02
1.071984395384788513e-01
1.896621584892272949e-01
2.951893210411071777e-01
4.044885188341140747e-02
7.207827270030975342e-02
2.180354744195938110e-01
7.327503710985183716e-02
2.617458067834377289e-02
4.470078274607658386e-02
2.589530497789382935e-02
2.674149163067340851e-02
6.116091832518577576e-02
6.810448598116636276e-03
8.327799849212169647e-03
3.048750571906566620e-02
1.312996000051498413e-01
9.477083384990692139e-02
1.311136782169342041e-01
5.440856888890266418e-02
1.589309573173522949e-01
3.793791234493255615e-01
2.762860059738159180e-01
1.000000000000000000e+00
3.472587764263153076e-01
9.968436360359191895e-01
1.646444946527481079e-01
3.882624208927154541e-01
7.768629789352416992e-01
7.307559251785278320e-01
2.222994118928909302e-01
4.724867641925811768e-01
1.267026215791702271e-01
1.072388440370559692e-01
1.826725341379642487e-02
3.043052554130554199e-02
7.088348269462585449e-02
3.020532727241516113e-01
1.746389269828796387e-01
9.519134461879730225e-02
6.263133883476257324e-02
3.788718581199645996e-02
4.105674475431442261e-02
1.535513103008270264e-01
1.398601382970809937e-01
1.280936598777770996e-01
1.152151599526405334e-01
1.945589631795883179e-01
1.110068410634994507e-01
1.642623692750930786e-01
7.921212911605834961e-02
2.382265031337738037e-02
2.776365876197814941e-01
8.631468564271926880e-02
1.502737253904342651e-01
5.109724029898643494e-02
1.336123496294021606e-01
1.387978643178939819e-01
4.413709789514541626e-02
4.810790717601776123e-02
3.546402975916862488e-02
4.146914556622505188e-02
5.301440600305795670e-03
2.252176590263843536e-02
6.638336926698684692e-02
2.552582696080207825e-02
2.737146615982055664e-02
6.041646003723144531e-02
2.498273923993110657e-02
7.124686241149902344e-02
9.610439836978912354e-02
5.193110555410385132e-02
3.759474307298660278e-02
4.663517177104949951e-01
7.357310652732849121e-01
8.077127933502197266e-01
5.321969985961914062e-01
2.331192195415496826e-01
1.887479275465011597e-01
1.000000000000000000e+00
8.837009668350219727e-01
5.553167462348937988e-01
6.571770310401916504e-01
6.243500709533691406e-01
3.388429805636405945e-02
1.021843031048774719e-01
1.248295307159423828e-01
1.756323724985122681e-01
1.217417269945144653e-01
2.939584255218505859e-01
7.396530508995056152e-01
1.000000000000000000e+00
9.914618134498596191e-01
7.030904889106750488e-01
1.099911332130432129e-01
2.388397753238677979e-01
1.231538057327270508e-01
1.931555867195129395e-01
4.199131950736045837e-02
4.155934453010559082e-01
2.109847068786621094e-01
5.147021636366844177e-02
2.639210596680641174e-02
4.115905612707138062e-02
1.498544514179229736e-01
1.810186803340911865e-01
2.692042589187622070e-01
5.676717311143875122e-02
6.611084938049316406e-02
2.445361018180847168e-01
1.066107898950576782e-01
2.116856724023818970e-01
6.540882587432861328e-02
1.441373229026794434e-01
8.892483264207839966e-02
8.571805059909820557e-02
6.188111379742622375e-02
4.084598273038864136e-02
5.386031791567802429e-02
1.464123874902725220e-01
4.564122483134269714e-02
6.978547573089599609e-02
9.605274349451065063e-02
1.399583667516708374e-01
1.698890477418899536e-01
9.241272509098052979e-02
8.151369541883468628e-02
2.981657087802886963e-01
1.957551985979080200e-01
2.958533763885498047e-01
4.379200190305709839e-02
9.799757003784179688e-01
3.432054817676544189e-01
9.030945301055908203e-01
1.000000000000000000e+00
9.970333576202392578e-01
7.734925746917724609e-01
4.177260100841522217e-01
9.499911069869995117e-01
2.906250059604644775e-01
1.000000000000000000e+00
1.000000000000000000e+00
8.004186749458312988e-01
1.380733251571655273e-01
3.578947484493255615e-01
1.594292819499969482e-01
1.000000000000000000e+00
1.000000000000000000e+00
4.594497382640838623e-01
2.946982085704803467e-01
4.276983141899108887e-01
3.671639412641525269e-02
6.635395437479019165e-02
4.859077930450439453e-01
2.001502662897109985e-01
2.673015594482421875e-01
1.714405417442321777e-01
1.820039004087448120e-01
6.637626141309738159e-02
4.932856187224388123e-02
1.685598194599151611e-01
4.243657588958740234e-01
1.655356138944625854e-01
7.999670505523681641e-02
6.730216741561889648e-02
1.542959660291671753e-01
9.009217470884323120e-02
1.085195764899253845e-01
7.353211939334869385e-02
1.072388440370559692e-01
1.322048902511596680e-01
1.451617665588855743e-02
1.115607470273971558e-01
3.051403537392616272e-02
4.085936769843101501e-02
1.364394184201955795e-02
6.391401588916778564e-02
4.759996756911277771e-02
5.794819816946983337e-02
1.632946431636810303e-01
1.549541801214218140e-01
2.680261731147766113e-01
4.273127615451812744e-01
5.631831884384155273e-01
3.183811604976654053e-01
3.969292156398296356e-03
1.000000000000000000e+00
9.979220628738403320e-01
1.000000000000000000e+00
9.381563663482666016e-01
5.075907111167907715e-01
1.998706609010696411e-01
4.429596662521362305e-01
9.979838728904724121e-01
5.850879549980163574e-01
4.031495153903961182e-01
1.758757084608078003e-01
1.000000000000000000e+00
9.749841094017028809e-01
7.743231654167175293e-01
1.901289075613021851e-01
1.452323198318481445e-01
2.931935489177703857e-01
7.229219079017639160e-01
1.227017268538475037e-01
1.579647213220596313e-01
1.566653996706008911e-01
8.135656267404556274e-02
1.501674950122833252e-01
1.668128967285156250e-01
8.118332922458648682e-02
1.135809570550918579e-01
4.964597523212432861e-02
2.064012140035629272e-01
7.693695276975631714e-02
7.753434032201766968e-02
7.553499937057495117e-02
1.036267504096031189e-01
8.736214041709899902e-02
6.875640153884887695e-02
4.736648499965667725e-02
5.825120210647583008e-02
1.459854841232299805e-01
1.155221648514270782e-02
2.666257321834564209e-02
2.692569978535175323e-02
2.220463305711746216e-01
8.780880272388458252e-02
2.269542589783668518e-02
1.247870400547981262e-01
4.004915356636047363e-01
1.239252611994743347e-01
8.038299679756164551e-01
1.226670518517494202e-01
8.933138102293014526e-02
8.803046941757202148e-01
9.184153079986572266e-01
7.390057444572448730e-01
5.572514533996582031e-01
2.433802336454391479e-01
4.348635673522949219e-01
2.037010937929153442e-01
1.037529557943344116e-01
4.634203314781188965e-01
2.526535391807556152e-01
2.567300200462341309e-01
7.663260698318481445e-01
9.052999019622802734e-01
6.086726784706115723e-01
2.135405242443084717e-01
8.976377844810485840e-01
1.100841686129570007e-01
3.979777395725250244e-01
9.561721086502075195e-01
9.237228631973266602e-01
4.488935768604278564e-01
1.000000000000000000e+00
2.230263799428939819e-01
1.444355845451354980e-01
3.334355950355529785e-01
1.935598701238632202e-01
1.986527442932128906e-01
5.849056839942932129e-01
9.413749724626541138e-02
5.502969622611999512e-01
3.952790200710296631e-01
1.246173903346061707e-01
6.006835773587226868e-02
4.531792178750038147e-02
9.069789201021194458e-02
4.579430446028709412e-02
9.577598422765731812e-02
1.259162724018096924e-01
4.235659539699554443e-02
4.182695224881172180e-02
9.415280818939208984e-02
2.193329632282257080e-01
1.898901611566543579e-01
9.264226257801055908e-02
1.579940170049667358e-01
3.462731838226318359e-02
3.376999124884605408e-02
1.241428125649690628e-02
1.709342449903488159e-01
3.233167156577110291e-02
1.505932360887527466e-01
2.767772078514099121e-01
9.267576932907104492e-01
1.616552621126174927e-01
2.904959321022033691e-01
1.000000000000000000e+00
1.165299862623214722e-01
2.961228191852569580e-01
6.161200404167175293e-01
1.000000000000000000e+00
7.832512259483337402e-01
3.225026428699493408e-01
1.422864943742752075e-01
5.443834066390991211e-01
3.370303511619567871e-01
3.597685098648071289e-01
1.989029645919799805e-01
3.301627635955810547e-01
2.053642272949218750e-01
2.564599514007568359e-01
4.917626380920410156e-01
1.890570968389511108e-01
4.627528414130210876e-02
3.652309179306030273e-01
2.476290762424468994e-01
4.504478573799133301e-01
1.000000000000000000e+00
1.000000000000000000e+00
9.758179187774658203e-01
9.159482717514038086e-01
6.115607023239135742e-01
4.207158684730529785e-01
2.511878311634063721e-01
1.730352342128753662e-01
2.145050764083862305e-01
1.408770829439163208e-01
9.161460399627685547e-01
1.764801442623138428e-01
1.189437508583068848e-01
7.593454420566558838e-02
1.410862207412719727e-01
5.301654338836669922e-02
1.835286468267440796e-01
4.886431619524955750e-02
1.125975418835878372e-02
5.683359876275062561e-02
3.965615332126617432e-01
1.262208819389343262e-01
2.701052092015743256e-02
4.861082509160041809e-02
2.129115760326385498e-01
1.378357410430908203e-01
3.472269773483276367e-01
1.391680091619491577e-01
2.064191922545433044e-02
3.850936517119407654e-02
1.334849838167428970e-02
1.396341770887374878e-01
1.774347871541976929e-01
1.853935979306697845e-02
3.846711814403533936e-01
6.765164732933044434e-01
2.455018460750579834e-01
8.186960220336914062e-02
4.065069854259490967e-01
3.044009804725646973e-01
2.855086326599121094e-02
1.000000000000000000e+00
1.000000000000000000e+00
6.846866011619567871e-01
4.700697958469390869e-01
3.987893760204315186e-01
5.943257808685302734e-01
6.427792310714721680e-01
6.576431989669799805e-01
5.581671744585037231e-02
4.771765172481536865e-01
3.152220249176025391e-01
4.736994951963424683e-02
2.990730404853820801e-01
7.407044768333435059e-01
2.910861670970916748e-01
1.303459107875823975e-01
5.236486345529556274e-02
4.602634906768798828e-01
4.411571323871612549e-01
3.813899159431457520e-01
9.087719321250915527e-01
3.372151255607604980e-01
1.000000000000000000e+00
8.594164252281188965e-01
4.769469797611236572e-01
1.000000000000000000e+00
8.111827969551086426e-01
5.841423869132995605e-01
1.971024721860885620e-01
4.984025657176971436e-01
4.595389366149902344e-01
3.638637065887451172e-01
1.695374548435211182e-01
4.335159435868263245e-02
8.423160761594772339e-02
6.071428656578063965e-01
1.481593698263168335e-01
2.773263156414031982e-01
3.196447789669036865e-01
4.330247938632965088e-01
9.326757490634918213e-02
2.712915092706680298e-02
1.081297993659973145e-01
2.149374485015869141e-01
1.087513789534568787e-01
1.622750610113143921e-01
1.808598786592483521e-01
8.803262561559677124e-02
9.812556207180023193e-02
1.023499965667724609e-01
3.469100594520568848e-02
1.978571861982345581e-01
8.827577531337738037e-02
6.454512476921081543e-02
4.109254106879234314e-02
8.820889145135879517e-02
1.796523183584213257e-01
1.151840910315513611e-01
7.158544659614562988e-01
7.397111654281616211e-01
7.678899168968200684e-01
8.487172126770019531e-01
1.456778645515441895e-01
4.487299025058746338e-01
8.987880349159240723e-01
3.610516190528869629e-01
1.610048562288284302e-01
6.802120208740234375e-01
9.325197339057922363e-01
5.594493150711059570e-01
7.367462515830993652e-01
6.639600396156311035e-01
8.108739256858825684e-01
9.830927848815917969e-01
8.778914809226989746e-01
3.617067337036132812e-01
8.163307905197143555e-01
4.436824023723602295e-01
4.171474277973175049e-01
1.000000000000000000e+00
4.556145146489143372e-02
2.471359670162200928e-01
3.304496407508850098e-01
3.654513359069824219e-01
3.568912148475646973e-01
7.137423753738403320e-01
9.591457843780517578e-01
4.349109530448913574e-01
4.043223857879638672e-01
5.135771036148071289e-01
4.976594746112823486e-01
6.109850406646728516e-01
9.530899524688720703e-01
4.267564117908477783e-01
2.108876258134841919e-01
7.957597076892852783e-02
2.699594199657440186e-01
2.017105072736740112e-01
1.443781405687332153e-01
8.809845894575119019e-02
4.287892878055572510e-01
2.010181695222854614e-01
9.346155077219009399e-02
3.745143115520477295e-02
6.933332979679107666e-02
2.658311128616333008e-01
1.964824348688125610e-01
2.748434543609619141e-01
2.950711250305175781e-01
1.367615610361099243e-01
1.660173386335372925e-01
4.284646511077880859e-01
6.706357002258300781e-02
1.844208315014839172e-02
5.119351670145988464e-02
2.171720936894416809e-02
8.674053475260734558e-03
1.869942694902420044e-01
6.835694657638669014e-04
8.185608386993408203e-01
1.000000000000000000e+00
8.724637627601623535e-01
6.073713898658752441e-01
2.618996202945709229e-01
4.569925963878631592e-01
2.346545904874801636e-01
3.400604426860809326e-01
3.593813180923461914e-01
2.212020903825759888e-01
8.479984402656555176e-01
4.670943319797515869e-01
5.479937791824340820e-01
1.334144175052642822e-01
5.736994147300720215e-01
1.000000000000000000e+00
7.802547812461853027e-01
9.959913790225982666e-02
9.887581318616867065e-02
4.115388989448547363e-01
1.475688517093658447e-01
3.039513826370239258e-01
6.009348630905151367e-01
2.388120442628860474e-01
1.563539654016494751e-01
5.768496543169021606e-02
4.575471580028533936e-01
6.200274229049682617e-01
8.028300851583480835e-02
4.985276460647583008e-01
4.292796254158020020e-01
3.239323198795318604e-01
6.081448197364807129e-01
8.582580089569091797e-01
1.000000000000000000e+00
7.058823704719543457e-01
2.260240912437438965e-01
2.122762203216552734e-01
1.243849918246269226e-01
5.708609223365783691e-01
6.456128358840942383e-01
2.169854789972305298e-01
4.297538101673126221e-01
3.272433280944824219e-01
5.843254923820495605e-01
3.990456461906433105e-01
1.831736713647842407e-01
2.945544421672821045e-01
5.497382283210754395e-01
6.027160286903381348e-01
4.639753699302673340e-01
3.089435696601867676e-01
1.190719678997993469e-01
1.107879262417554855e-02
9.989338926970958710e-03
7.642819732427597046e-02
2.855184078216552734e-01
6.764902174472808838e-02
3.262491524219512939e-01
4.631454050540924072e-01
5.963222980499267578e-01
6.981163620948791504e-01
5.005391240119934082e-01
8.831655234098434448e-02
2.124607861042022705e-01
1.211365461349487305e-01
2.683034837245941162e-01
5.065807700157165527e-01
7.302981019020080566e-01
2.866527438163757324e-01
5.813412070274353027e-01
2.623542547225952148e-01
8.576794713735580444e-02
9.072164893150329590e-01
9.602888226509094238e-01
5.730825066566467285e-01
1.519141644239425659e-01
1.053825989365577698e-01
5.666621923446655273e-01
1.620901077985763550e-01
1.898247152566909790e-01
3.067357540130615234e-01
9.236306548118591309e-01
8.386564999818801880e-02
1.610838323831558228e-01
5.862760543823242188e-01
7.508521080017089844e-01
1.000000000000000000e+00
1.878873556852340698e-01
5.538328886032104492e-01
5.797153711318969727e-01
4.535577297210693359e-01
8.586636185646057129e-01
8.234190940856933594e-01
6.583629846572875977e-01
6.319525241851806641e-01
8.490712046623229980e-01
3.453876078128814697e-01
1.692876964807510376e-01
3.057999908924102783e-01
3.969026505947113037e-01
4.911048710346221924e-01
1.000000000000000000e+00
9.985590577125549316e-01
1.000000000000000000e+00
2.930185198783874512e-01
7.947916388511657715e-01
1.000000000000000000e+00
1.000000000000000000e+00
1.000000000000000000e+00
1.163322627544403076e-01
1.000000000000000000e+00
8.175403475761413574e-01
1.423659920692443848e-01
1.920424029231071472e-02
2.848339453339576721e-02
1.289935857057571411e-01
7.514677941799163818e-02
1.037853881716728210e-01
9.692307710647583008e-01
1.000000000000000000e+00
4.127344191074371338e-01
3.516076207160949707e-01
3.122192621231079102e-01
9.575875401496887207e-01
1.000000000000000000e+00
8.387991786003112793e-01
9.418270587921142578e-01
3.489042818546295166e-01
7.755101919174194336e-01
6.352459192276000977e-01
3.920676112174987793e-01
8.663003444671630859e-01
4.969347417354583740e-01
9.547571539878845215e-01
6.586869359016418457e-01
2.963239252567291260e-01
1.148666590452194214e-01
3.086084723472595215e-01
3.326388001441955566e-01
4.117598235607147217e-01
2.520433962345123291e-01
5.369012355804443359e-01
2.464105635881423950e-01
1.301494389772415161e-01
5.190456509590148926e-01
1.695178002119064331e-01
4.858677089214324951e-01
8.874939680099487305e-01
4.316015839576721191e-01
8.793309330940246582e-01
1.000000000000000000e+00
6.856530904769897461e-01
8.682954311370849609e-01
9.469560980796813965e-01
1.000000000000000000e+00
1.000000000000000000e+00
1.000000000000000000e+00
1.000000000000000000e+00
1.000000000000000000e+00
9.946619272232055664e-01
1.101127266883850098e-01
8.585542440414428711e-01
3.229487240314483643e-01
1.000000000000000000e+00
1.179282888770103455e-01
1.354570686817169189e-01
9.978355169296264648e-01
3.456267118453979492e-01
2.593196183443069458e-02
1.861554756760597229e-02
1.302805244922637939e-01
1.000000000000000000e+00
1.000000000000000000e+00
1.000000000000000000e+00
6.685701012611389160e-01
9.883856177330017090e-01
6.021667718887329102e-01
2.509237825870513916e-01
4.583909809589385986e-01
1.991191506385803223e-01
1.406642794609069824e-01
6.045281887054443359e-01
8.321799039840698242e-01
7.527901530265808105e-01
5.599750876426696777e-01
1.340750455856323242e-01
1.000000000000000000e+00
1.000000000000000000e+00
5.095241665840148926e-01
1.368949711322784424e-01
1.000000000000000000e+00
1.693171113729476929e-01
1.000000000000000000e+00
1.716415584087371826e-01
2.314682453870773315e-01
1.741155087947845459e-01
9.996722936630249023e-01
3.507807254791259766e-01
5.548388957977294922e-01
2.982264459133148193e-01
3.205014169216156006e-01
2.664285898208618164e-01
3.705661594867706299e-01
1.685487776994705200e-01
8.716323226690292358e-02
1.783937066793441772e-01
2.117777466773986816e-01
2.812004685401916504e-01
5.749632716178894043e-01
9.831066131591796875e-01
1.000000000000000000e+00
1.000000000000000000e+00
8.286713361740112305e-01
8.169277310371398926e-01
1.000000000000000000e+00
1.000000000000000000e+00
1.000000000000000000e+00
5.059065222740173340e-01
1.000000000000000000e+00
3.624254167079925537e-01
4.203454852104187012e-01
2.387785911560058594e-01
1.000000000000000000e+00
2.232795506715774536e-01
1.885211616754531860e-01
6.254272162914276123e-02
1.208746805787086487e-01
8.275469541549682617e-01
3.183307498693466187e-02
1.000000000000000000e+00
1.000000000000000000e+00
9.261275529861450195e-01
1.000000000000000000e+00
9.983022212982177734e-01
7.063741087913513184e-01
1.000000000000000000e+00
6.830099225044250488e-01
2.175659239292144775e-01
1.184512525796890259e-01
8.112304210662841797e-01
8.393469452857971191e-01
6.802520751953125000e-01
6.484293341636657715e-01
1.481399983167648315e-01
2.027346789836883545e-01
5.573518276214599609e-01
6.109756231307983398e-01
4.279309511184692383e-01
9.084005653858184814e-02
6.701735854148864746e-01
2.144830524921417236e-01
5.457053780555725098e-01
4.259870350360870361e-01
3.592436909675598145e-01
1.959751844406127930e-01
4.853167831897735596e-01
1.693851202726364136e-01
8.924806714057922363e-01
5.188327431678771973e-01
4.999558627605438232e-01
4.614164233207702637e-01
9.011568427085876465e-01
9.907189011573791504e-01
1.000000000000000000e+00
6.751847267150878906e-01
5.837444663047790527e-01
8.639456033706665039e-01
9.674796462059020996e-01
1.000000000000000000e+00
1.000000000000000000e+00
4.387665092945098877e-01
7.029598355293273926e-01
1.000000000000000000e+00
3.814903795719146729e-01
4.209445714950561523e-01
1.583516746759414673e-01
1.340544074773788452e-01
1.000000000000000000e+00
1.591530889272689819e-01
6.770390272140502930e-01
8.251633644104003906e-01
3.953864872455596924e-01
3.243696987628936768e-01
7.772174477577209473e-02
7.823372632265090942e-02
2.438443154096603394e-01
1.000000000000000000e+00
7.968168258666992188e-01
6.883068680763244629e-01
2.989127933979034424e-01
1.000000000000000000e+00
8.045218586921691895e-01
4.556869864463806152e-01
4.635812938213348389e-01
8.420398235321044922e-01
2.305430173873901367e-01
3.751415908336639404e-01
6.013730168342590332e-01
3.039609789848327637e-01
4.364035129547119141e-01
5.898593366146087646e-02
2.424382269382476807e-01
8.536437153816223145e-02
1.530862152576446533e-01
4.255634248256683350e-01
9.998186826705932617e-01
3.671646714210510254e-01
5.506325960159301758e-01
1.000000000000000000e+00
5.087719559669494629e-01
9.917582273483276367e-01
5.867553353309631348e-01
1.000000000000000000e+00
1.000000000000000000e+00
1.175097301602363586e-01
2.886171638965606689e-02
6.048064678907394409e-02
5.025350451469421387e-01
1.000000000000000000e+00
1.000000000000000000e+00
1.791352033615112305e-01
2.301166504621505737e-01
2.663508355617523193e-01
4.403369501233100891e-02
9.449779987335205078e-01
2.476852238178253174e-01
4.664806127548217773e-01
5.371245741844177246e-01
5.275964140892028809e-01
9.567337036132812500e-01
9.336836934089660645e-01
1.000000000000000000e+00
5.055854320526123047e-01
6.049329042434692383e-01
1.953125000000000000e-01
9.994651377201080322e-02
6.490097939968109131e-02
1.653746813535690308e-01
9.080020785331726074e-01
